100
1000
10000
10001
10005
10006
10007
10008
10009
10010
10011
10012
10013
10014
10017
10020
10022
10032
10033
10034
10037
1004
10040
10041
10042
10043
10044
10045
10049
1005
10051
10053
10054
10055
10057
10058
10059
1006
10063
10064
10066
10069
1007
10070
10071
10074
10075
10076
10077
10078
1008
10084
10085
1009
10095
10098
1010
10100
10101
10103
10104
10107
10108
10110
10111
10112
10114
10115
10116
10117
10119
10121
10122
10123
10124
10125
10127
10129
10130
10134
10138
10148
1015
10155
10163
10166
10171
10174
10178
10179
10180
10182
10183
1019
10195
10198
10199
102
10202
10205
10207
10212
10213
10218
10239
10248
10260
10261
10270
10277
10279
10283
10287
10289
10291
10292
10294
10297
10300
10313
10314
10315
10321
10322
10325
10340
10343
10347
10349
10350
10353
10355
10356
10357
10358
10360
10361
10363
10365
10366
10367
10368
10370
10372
10375
10377
10378
10380
10381
10383
10384
10386
10387
10388
10389
10390
10391
10393
10394
10396
10397
104
10400
10401
10403
10406
10407
10411
10415
10417
10425
10434
10435
10436
10437
10438
1044
10442
10443
10446
10450
10451
10454
10459
10461
10464
10467
10468
10471
10472
10473
10474
10477
10478
10480
10481
10483
10484
10485
10486
10487
10488
10489
10490
10491
10492
10494
10495
10497
10500
10504
10505
10515
10520
10532
10537
10545
10546
10557
1057
10589
1059
1061
10633
10638
1067
1069
10712
10714
10715
10716
10717
10723
1073
1074
1075
1078
1081
10811
10813
10816
10817
10825
10830
10831
10838
10841
10843
10845
10846
10849
10851
10858
10861
10864
10865
1087
10876
1088
1089
10890
10899
10900
10901
10904
10909
1091
10913
10916
10918
1092
10920
10923
10924
10927
10930
10931
10934
10935
10937
10954
10955
10956
1096
10960
10964
10965
10975
10977
10978
1098
10980
10987
10990
10997
10998
11002
11007
11009
1101
11010
11018
1102
11028
1103
11033
11034
11035
11037
11039
1104
11047
11049
1105
11052
11062
11066
11067
1107
11071
11072
11075
11082
11083
1109
11105
11107
1111
11112
11114
11116
11117
1112
11130
11140
11142
11143
11145
11147
11149
11150
1116
11160
11162
11164
11176
1118
11181
1119
11192
11193
11201
1122
11222
11235
1124
11245
11249
11262
11269
11271
11276
11278
11283
11286
11294
11298
11299
113
11303
11306
11309
1131
11310
11320
11322
11323
11331
11336
1134
11343
11345
11351
11353
11354
11358
1136
11361
11364
11370
11372
11377
11380
11387
11399
11402
11405
11406
1141
11416
11417
11424
11427
1143
11430
11432
11435
1144
11442
11448
11449
1145
11450
11457
11459
1146
11465
11466
1147
11472
11476
1148
11481
1149
115
1150
11502
11505
11507
1151
11510
11518
11519
11520
11527
11529
11530
11535
1155
11552
11553
1156
11562
11563
11565
11566
11567
11569
1157
11570
11571
11574
11580
11581
11582
11583
11586
11589
1159
11599
1160
11600
11605
11607
11609
11616
11620
11621
11623
11625
11627
1163
11632
11635
11636
11637
11638
1164
11644
11646
11647
11648
11649
1165
11651
11652
11653
11655
11656
11661
11662
11663
11665
11666
11667
11670
11671
11675
11677
11678
1168
11682
11686
11688
11689
11693
11694
11696
1170
11700
11704
11705
11707
11709
11710
11714
11721
11722
11725
11726
11727
11728
11729
1173
11733
11734
11735
11736
11739
11740
11741
11742
11743
11747
11748
11749
1175
11756
11760
11761
11762
11763
11764
11765
11767
11768
11769
11770
11773
11774
11775
11776
11777
11779
11781
11782
11783
11784
11786
11787
11788
11789
1179
11791
11795
11797
11798
1180
11801
11806
11808
11809
11816
11817
11818
11819
1182
11830
1184
11845
11849
11851
11852
11853
11855
11856
11858
11859
1186
11860
11861
11862
11864
11865
11866
11869
11870
11871
11872
11873
11879
11880
11896
119
11905
11908
1192
11921
11927
11928
11929
11930
11932
11933
11936
1194
11940
11944
11946
11947
11950
11951
11953
11955
11958
11962
11964
11965
11971
11976
11979
11980
11987
1199
11990
11992
11993
11995
11997
11999
12
12000
12003
12005
12006
12007
12009
1201
12014
12018
12028
12029
12030
12036
12037
12039
12050
12051
12055
12056
1206
12062
12064
12065
12066
12067
12073
12081
12082
12085
12089
1209
12090
12091
12093
12094
12095
12096
12097
12098
121
12102
12106
12107
12108
12109
12110
12111
12113
12114
12115
12116
12118
12119
12121
12127
12129
12130
12131
12132
12133
12135
12136
12137
12138
12139
12141
12142
12143
12144
12145
12147
12148
12149
12150
12151
12152
12154
12159
1216
12160
12161
12162
12164
12165
12166
12167
1217
12171
12173
12174
12179
12190
12191
12194
12195
12196
12198
12199
12201
12202
12206
12207
12209
1221
12210
12211
12212
12213
12216
1222
12222
12225
12229
1223
12233
12235
12236
12237
12239
12241
12242
12244
12245
12246
12248
12252
12253
12254
12255
12256
12257
12258
1226
12261
12262
12263
12264
12265
12267
12268
12269
1227
12270
12271
12273
12274
12276
12278
12279
12280
12281
12282
12286
12289
12290
12291
12293
12299
12300
12301
12303
12304
12305
12306
12307
12309
12310
12313
12316
12317
12318
12320
12321
12322
12324
12326
12327
12328
12329
1233
12331
12339
1234
12340
12342
12346
12347
12349
12351
12352
12353
12354
12355
12358
12360
12361
12362
12365
12366
12367
12370
12371
12380
12383
12385
12386
12388
12390
12392
12393
12394
12395
12396
12397
12398
12401
12402
12403
12405
12406
12407
12409
12410
12411
12412
12413
12414
12415
12416
12417
12418
12419
1242
12422
12423
12424
12427
12428
12430
12431
12433
12434
12435
12437
12438
12439
1244
12440
12442
12443
12444
12447
12448
12450
12451
12452
12453
12455
12456
12457
12458
12460
12461
12464
12465
12466
12468
1247
12470
12471
12473
12474
12477
12478
12479
12480
12484
12485
12487
12488
12491
12492
12494
12495
125
12500
12501
12503
12504
12505
12508
12511
12512
12513
12514
12515
12517
12518
12519
12521
12522
12533
12541
12544
12548
12553
12556
12558
12559
12560
12563
12569
12576
12579
1258
12581
12582
12585
12588
126
12601
12602
12604
12605
12616
12628
12631
12637
12638
12642
1266
1268
127
12703
12705
12706
12709
12710
12712
12719
12720
12721
12723
12725
12726
12729
12730
12732
12733
12734
12736
12737
12738
12743
12746
12747
12748
12753
12754
12757
12758
1276
12762
12763
12764
12765
12766
12767
12771
12772
12774
12775
12777
12783
12784
12785
12786
12791
12794
12796
1280
12802
12803
12804
12811
12813
12814
12818
1282
12820
12823
12824
12825
12828
12829
1283
12830
12832
12836
12838
12840
12841
12842
12843
12844
12847
12848
12849
12850
12851
12852
12854
12858
12859
12860
12861
12863
12864
12866
12867
12868
12869
12870
12872
12874
12875
12877
12878
12881
12887
12890
12891
12893
1290
12901
1292
12927
1294
12942
12943
12944
12947
12948
12949
1295
12955
1296
12966
12973
12974
12976
12977
12980
12981
12986
1299
12996
12998
13001
13005
13015
13016
1302
13021
13022
13030
13041
13042
13046
1305
13059
13060
13063
13071
13074
13079
13080
13086
13089
1309
13099
13100
13103
13114
13120
13123
13124
13126
13128
13130
13133
13138
13139
13140
13141
13142
13143
1315
13150
13155
13156
13157
13159
13160
13164
13165
13166
13168
1317
13171
13172
13173
13176
13177
13178
13179
1318
13180
13181
13184
13187
13191
13192
1322
1325
1328
13293
1330
13310
13324
1335
1339
134
1342
1344
13442
13444
1346
13490
13507
13539
13548
1355
13559
13560
13565
1357
1358
1359
13655
13658
1366
13661
13668
13673
13679
1368
1369
1370
1372
1373
1374
1378
138
1380
13803
1381
13819
13825
13828
13829
1383
13837
13848
13851
1386
13860
13864
13870
13874
1389
139
1390
1392
13921
13928
1393
1394
1395
1396
13970
13974
14
140
14013
1402
1403
1406
1407
1409
14093
1411
14114
14116
1413
14133
1415
1416
1417
1419
142
1420
1422
1423
1425
14255
1426
14274
1428
1429
1432
1434
1435
14355
1437
14381
1439
144
1440
1441
1442
1443
1444
1445
14467
1447
1448
14481
14495
145
14528
1453
1454
14543
1455
1456
1457
1458
1459
1460
1461
1462
14643
1468
1469
1470
1471
1472
1473
1474
1475
1478
1479
148
1480
1482
1483
1484
1485
14859
1486
1487
14872
1490
1491
14927
1495
14955
1496
1498
14981
1500
1501
1503
1504
1505
1506
1507
151
1514
1515
1516
1517
1518
1519
1521
1522
1523
1524
15251
15255
15264
1527
15270
15284
1529
15290
15293
15297
1530
15306
15312
15315
1532
15328
1533
15330
1534
1535
15355
1536
15360
15364
1537
1539
1543
15435
1544
1546
1547
155
1550
1552
1553
1556
1557
1558
1559
1561
1562
1563
15637
1565
1566
1567
1568
1569
1573
1575
1576
1577
1578
1580
1581
1582
15820
15836
1585
1586
15867
15875
1588
1589
1590
1591
15922
15925
1593
15936
15937
1594
15942
15943
1595
15961
1597
15971
1599
1600
16004
1602
1604
1605
16055
1606
1607
1609
161
1610
1612
1613
1614
1617
1618
1619
162
1620
1622
1623
1625
1626
1628
163
1631
1632
1633
1634
1635
1637
16376
1638
1639
16392
16414
16420
16421
16422
1643
16430
16431
1645
16463
16464
16468
1647
16477
1648
16480
16481
16486
1649
16495
16497
16499
165
16505
1651
16512
16513
16515
1652
16528
16537
1654
1655
16551
1657
1658
166
1661
1662
1663
1664
1669
1670
1672
1673
16744
16759
16760
1677
16771
16772
1678
1679
1680
16801
1681
1682
1683
16833
1684
1685
1686
1688
169
1690
16908
1691
1693
1696
1697
16973
1699
17002
17019
1702
17026
17029
1703
17031
17034
17036
1704
17044
17047
17049
1705
17052
17056
17059
1706
17061
17062
17068
17069
17072
17073
1709
171
1711
1712
1714
17141
1716
1717
1718
17183
17192
1720
1722
17220
1723
1724
1725
1728
17288
1729
1730
1731
1732
1736
1737
17371
17373
17375
1738
17380
17381
1739
174
1740
1741
1742
1743
1746
1747
1748
17485
175
1750
1753
1754
1756
1757
17578
1759
17608
1761
1764
1766
1767
17670
17692
177
1770
1773
17744
1775
17754
178
1785
17853
17857
1786
17860
17868
17873
1788
17886
17892
1791
17935
17940
17958
17959
1796
17971
17993
18
1800
1801
18018
18040
18077
1810
1811
18154
18178
1818
1819
182
1821
18211
18213
18234
1826
1827
18285
18300
1831
18320
18329
1833
18334
1834
18345
18353
18354
18380
184
18405
1841
18410
1843
18469
1849
18498
1852
18528
1855
1856
1857
18579
1858
1859
186
1860
18617
18622
1863
18631
18637
18639
18649
18651
18654
1868
18680
1869
18691
18694
187
18708
18713
18715
18716
18717
18718
1872
18720
1874
18763
1877
1878
18781
1879
18797
1880
18819
1882
1883
18832
1884
1885
189
1890
18914
18945
1895
1896
1897
1899
18994
19
1900
1901
19026
1904
19040
19044
19104
1911
1912
1919
1922
1923
1926
1927
1928
1929
19321
19338
1934
1936
1938
1939
19390
1940
1941
1942
1943
19448
1945
1946
1947
1949
19495
195
1950
19503
1951
19518
1953
19536
1954
1956
1957
1959
196
1960
1962
1963
1966
1967
197
1971
1973
1974
19767
19768
19785
1979
1980
19820
19821
1984
1985
19857
1988
19882
19891
19892
19894
19896
19897
19898
19900
19901
1991
19918
19922
19923
19925
19936
19939
1994
1995
19955
19958
1996
19960
19963
19966
19968
19972
19973
19978
20
2000
20008
2006
20089
201
2011
2012
2013
2016
2017
2018
202
2021
20261
2031
20315
2037
2039
20408
2041
2043
20447
20475
2048
2050
20509
2055
2056
20582
2059
20592
20593
206
2060
2061
20621
2063
20657
2066
20664
20667
20675
20676
20678
20679
20681
20689
207
20709
20714
20722
20732
20735
20741
20748
2075
20756
2076
20777
20796
208
20807
20808
20813
20815
20817
2082
2083
2084
2085
2086
20879
20889
20901
20912
20925
20930
20945
20950
20955
2096
20961
20968
20969
2097
20971
20981
2099
20992
21
2100
21000
2102
2104
2105
2106
21076
21087
2112
21190
2120
2122
2123
2126
2127
2129
2130
2131
2133
2134
21345
2135
21366
2139
2141
21419
2142
2143
2144
2146
215
2152
21536
2154
21540
2155
21556
2156
2157
216
2163
21633
2164
2165
21653
21680
21696
21698
2173
21733
21747
21756
21769
2178
2179
21797
218
21810
21811
21815
21825
2183
21835
2185
21850
21862
21869
21871
21874
21883
21887
21891
21899
21921
21923
2193
2199
21995
21996
22
22002
22004
2203
22077
2208
22084
221
2210
22114
22127
2213
2214
22154
2216
2217
22202
2222
22220
22236
22237
22243
22261
22272
22282
22284
223
22300
22305
2231
22312
22317
22335
22349
22352
2236
22373
22423
2244
225
22535
2257
2258
2259
2263
2269
22698
2271
2272
2275
2278
22783
2284
2286
2291
2292
22923
22939
2295
2298
2299
22990
23
230
2300
2306
23060
23063
2307
23097
23098
231
2313
232
23206
2324
2327
2328
23281
23291
2330
23318
2333
23340
2335
23350
23351
2337
23370
23376
2338
234
2340
23415
2342
23420
2343
23432
23439
2344
23442
23448
2345
23450
23454
23458
23461
23462
2348
23508
23509
2351
23511
23514
23519
23524
2354
23550
23569
23571
23584
23590
23595
23596
2360
2361
23616
2363
2367
23711
2373
2376
23768
2378
2380
23812
23814
23890
23892
23899
239
23903
23911
23917
23922
23933
23949
23964
23991
23997
24
24091
2412
2421
24255
24261
24287
2429
24300
2431
2432
2433
244
2442
2443
24480
2450
24539
2456
2459
2460
2461
2464
2467
2468
24680
24696
247
2470
2472
2475
24765
24770
24772
24774
2478
2479
2480
2483
2484
24844
24869
24873
24874
24875
24876
2488
249
24900
24912
2493
24932
2494
24948
2495
24953
24965
24969
24974
2499
24999
250
2501
2502
2503
25031
2505
25066
25068
2507
2508
2509
251
2511
25116
25118
25129
2514
25196
252
25241
2527
25271
25277
25281
25296
25299
253
2530
2531
25319
25321
2534
25343
25354
25357
2536
25365
25366
2537
25379
2539
254
2541
2542
25431
2544
2545
25459
25465
25466
2551
2553
25530
25537
25539
2554
2555
2557
2559
2561
25625
25629
2563
25645
2565
2567
25674
2569
2572
2573
2575
2577
2578
2580
2582
25822
2583
2584
2587
25878
2588
2590
2591
25916
2592
25930
2595
2600
26003
26045
2605
2606
2607
2608
26135
26136
2616
2617
2623
2624
26250
2627
263
2632
2635
2636
2637
26377
2638
26394
26396
2642
2645
2646
26471
2655
2656
2657
26578
2658
2660
26609
2664
26717
26718
2672
26724
2674
26756
26778
26779
2679
26791
268
2680
26801
26806
26807
2682
26822
26828
2683
26840
26848
2686
2689
2692
26925
26940
26948
26971
26981
26985
26994
27
27063
27068
27070
2708
2709
27099
271
2710
27115
2713
2714
2715
2718
27249
27251
27256
2729
273
27302
2733
2735
2736
2737
2738
2739
2740
2745
2754
2755
2756
2759
2760
2761
27619
2763
2765
27656
2767
2770
2774
2777
2778
27832
279
27936
2796
2797
28
2802
28029
28030
28041
28061
2808
28080
28083
281
28117
28120
2813
2817
2818
28188
28193
28194
28196
2820
28212
28234
2825
28250
28253
28263
28264
2827
28276
2828
2829
28296
28305
2831
28325
2836
28379
28391
2841
28425
28437
28499
285
28532
28572
28597
28609
28619
2863
28665
28678
2868
28705
28714
28729
28731
28739
28742
2875
28752
288
2883
289
2890
2893
2898
2899
290
29004
29007
29031
29034
29058
2908
291
29161
2917
29178
29194
292
29252
29273
2928
2932
29331
29352
29372
29375
29376
29378
29379
2940
29543
29552
29558
29571
29572
29578
296
2961
29611
29634
29639
29644
29651
29658
29745
2976
2983
299
2999
3
300
30071
30078
3011
302
3021
3022
3023
3024
3026
3027
3029
3030
3031
3032
3033
3034
3036
3037
3038
3039
3040
3041
3042
3044
3045
3046
3047
3048
3049
305
3050
3051
3052
3053
3054
3055
3056
3057
3058
3059
306
3060
3061
3062
3063
3064
3065
3066
3067
3069
307
3070
3071
3072
3074
3075
3076
3077
3078
3079
3080
3082
3083
3084
3085
3086
3088
3089
3090
3091
3092
3093
3094
3095
3096
3097
3098
31
310
3100
3103
3105
3106
3107
3108
3109
3110
3111
3112
3113
3114
3115
3116
3117
3118
3119
312
3120
3123
3124
3125
3126
3127
3129
313
3130
3132
3134
3135
3136
3137
3140
3141
3143
3144
3145
3146
3148
3150
3152
3153
3154
3155
3156
3157
3158
3159
3160
3161
3162
3164
3165
3166
3167
317
3170
3171
3172
3174
3175
3176
3177
3178
3179
3180
3182
3183
3184
3185
3186
3189
319
3190
3191
3193
3194
3195
3196
3197
3198
3199
32
320
3200
3201
3203
3204
3206
3207
3208
3209
321
3210
3211
3214
3215
3216
3217
3218
3219
322
3221
3222
3223
3224
3225
3226
3229
323
3230
3231
3233
3235
3237
3238
3239
3242
3243
3244
3246
3247
3248
3250
3252
3254
3255
3256
3257
3260
3261
3262
3263
3264
3265
3266
3267
32677
327
3270
3271
3272
3273
3275
3276
3277
3280
3281
3283
3285
3286
3287
3288
329
3292
3293
3294
3295
3296
3297
3298
3299
330
3304
3305
3306
3307
3308
3311
3312
3314
3315
3316
3317
332
3321
3323
3324
3325
3326
3327
3328
3331
3332
3333
3334
3335
3336
3338
3339
334
3341
3342
3346
3347
3351
3352
3355
3359
336
3362
3363
3364
3369
337
3371
3372
3373
3375
3377
3378
338
3382
3384
3385
3387
3391
3393
3395
3398
34
340
341
3410
3411
3412
3413
3415
3416
3417
3419
3420
3421
3422
3423
3424
3426
3427
3428
3429
343
3431
3432
3434
3435
3436
3438
3439
344
3441
3442
3443
3445
3446
3447
3449
3450
3452
3454
3456
3457
3458
3459
3460
3461
3463
3464
3465
3466
3467
3468
3469
347
3470
3471
3474
3479
348
3487
3488
3490
3491
3493
3494
3495
3496
3499
35
3500
3501
3502
3503
3506
3507
3508
3511
3513
3515
3519
3520
3521
3522
3523
3524
3527
3529
3531
3533
3536
3537
354
3544
3561
3573
358
3585
3588
3594
3599
36
3600
3603
3607
361
3611
3616
3617
3625
3634
3642
3643
3646
3647
365
3650
3652
3654
3655
3657
3660
3661
3662
3664
367
3670
3671
3673
3674
3676
3677
368
3685
3688
3690
3695
3696
3700
3702
3703
3704
3708
3710
3717
372
3722
3723
3724
3725
3727
3728
373
3732
3733
3738
3739
374
3755
3756
3757
3758
376
3765
3768
3769
377
3770
3773
3778
3779
378
3787
379
38
3803
3804
3806
3807
3818
3826
3827
3828
383
3832
3833
3835
3836
384
3841
385
3858
386
3862
3863
3864
3865
387
3873
3879
388
3882
3885
3887
389
3892
3909
391
3910
3911
3912
3913
3914
392
3920
3921
3922
3923
3925
3926
393
3931
3936
3938
394
3940
3945
3946
3947
3949
3954
3959
396
3960
3962
3964
3968
3969
3973
3976
3980
3981
3983
3986
3987
3988
399
3993
3994
3995
4
400
4004
4005
4007
4008
401
4013
4015
4018
4019
4024
4025
403
4037
4038
405
4052
4053
4054
4056
4057
4058
4068
407
4070
4077
4078
4080
4081
4085
4090
4096
4097
410
4101
4106
4108
4109
411
4110
4111
4113
4114
4115
4116
4117
412
4121
4122
4124
4125
4128
413
4130
4131
4132
4137
4138
4139
414
4140
4144
4145
4147
4148
4150
4153
4154
416
4160
4161
4168
4169
417
4171
4172
4174
4179
418
4180
4185
4187
4188
4189
419
4190
4191
4195
42
420
4200
4201
4203
4204
4206
4210
4211
4212
4213
4214
4215
4217
4220
4222
4223
4224
4226
4228
4229
4230
4231
4234
4236
4238
424
4240
4241
4242
4243
4244
4245
4246
4247
4248
4249
425
4251
4253
4254
4255
4256
4257
4258
4259
4263
4264
4265
427
4273
428
4280
4282
4283
4285
4288
429
4290
4291
4293
4295
4297
4298
43
430
4300
4303
4304
4305
4307
431
4312
4313
4315
4317
4319
432
4321
4323
4324
4325
4326
4328
4330
4333
4335
4339
4340
4342
4343
4347
435
4354
4355
4359
436
4369
4372
4375
4376
4377
4379
4380
4383
4385
4389
439
4391
4394
4395
4396
44
4403
4404
4405
441
4414
4423
4424
4426
4427
443
4436
4438
444
4441
4442
4443
4446
4449
445
4450
4452
4454
4456
4457
4458
446
4462
4463
4464
4466
4467
4468
4469
447
4470
4471
4472
4473
4474
4476
4478
4484
4485
4486
4487
4489
449
4490
4491
4492
4493
4495
4498
45
4502
4506
451
4511
4513
4514
4515
4516
4517
4518
452
4520
4521
4522
4523
4524
4526
4527
4528
4529
4530
4531
4532
4533
4537
4539
4540
4543
4545
4546
4547
4548
4549
4551
4552
4554
4557
4566
4567
4568
4570
4572
4575
4576
4577
458
4584
4585
4588
459
4590
4592
4593
4594
4597
4598
4601
4602
4604
4605
4606
4607
461
4611
4615
4617
4618
4619
462
4621
4622
4624
4625
4627
4628
463
4635
4636
464
4640
4641
4642
4644
4645
4647
4648
465
4652
4653
4654
4656
4657
4658
4659
4660
4662
4665
4666
4668
467
4681
4683
4684
469
4694
4696
4697
4698
4699
4700
4702
4703
4705
4706
4707
4709
471
4710
4711
4713
4714
4715
4716
4720
4721
4722
4724
4725
4728
4729
473
4730
4731
4732
4736
4738
4739
474
4740
4741
4742
4743
4745
4747
4748
4749
475
4750
4752
4753
4754
4756
4758
4759
4761
4763
4766
4767
4769
477
4771
4772
4777
4781
4782
4783
4784
4785
4786
4793
4794
48
4800
4801
4804
4805
4807
4808
4809
4810
4811
4813
4814
4815
4816
4817
482
4829
4832
4834
4836
4838
4841
4843
4844
4846
4849
485
4851
4855
4856
486
4863
4864
4866
4868
4871
4872
4873
4875
4877
488
4880
4884
4888
4889
489
4890
4892
4893
4896
4899
490
4900
4901
4903
4905
4906
491
4910
4911
4920
4922
4923
4924
4926
4928
493
4930
4931
4932
4934
4935
4936
4938
4939
494
4940
4941
4942
4943
4944
4945
4946
4947
495
4951
4952
4955
4956
4957
4961
4962
4964
4965
4967
4968
4970
4972
4973
4974
4975
4979
498
4981
4982
4984
4985
4986
4990
4992
4994
4995
4996
4997
4999
5
50
5000
5003
5005
5007
5008
501
5010
5012
5014
5015
5016
5018
5019
502
5020
5021
5022
5024
5025
5028
5029
5030
5031
5032
5033
5034
5035
5036
5037
5042
5043
5044
5048
5049
505
5051
5052
5053
5054
5056
5057
5058
5061
5062
5063
5064
5065
5066
5067
5068
5069
5070
5071
5072
5073
5076
5077
5078
5079
5080
5081
5082
5083
5085
5086
5087
5089
5092
5093
5094
5095
5097
5098
5099
510
5100
5101
5102
5106
5108
511
5110
5111
5112
5113
5114
5115
5116
5117
5118
512
5120
5121
5122
5123
5125
5126
5127
5129
5132
5134
5135
5137
5138
5140
5142
5143
5144
5145
5146
5147
5148
5149
5151
5152
5153
5154
5156
5158
5159
516
5160
5161
5162
5163
5168
5169
517
5170
5171
5172
5174
5175
5176
5177
5178
5179
518
5180
5181
5182
5183
5184
5185
5186
5187
5188
5189
5191
5192
5194
5196
5197
5198
5199
520
5200
5201
5202
5203
5206
5207
5208
5209
521
5210
5213
5214
5215
5217
5218
5219
5220
5222
5225
5226
5228
5229
523
5231
5232
5233
5234
5235
5236
5237
5238
5240
5241
5242
5244
5245
5247
525
5254
5256
5257
5259
5261
5264
5265
5266
5267
5269
527
5270
5271
5272
5273
5274
5275
5277
5278
5279
5285
5287
5289
5290
5292
5293
5294
530
5300
5301
5303
5304
5307
5309
531
5311
5312
5315
5316
5319
5321
5322
5325
533
5330
5331
5336
5337
5338
5339
5340
5341
5342
5344
5345
5347
5348
5349
5350
5351
5352
5353
5354
5355
5356
5358
5359
536
5360
5361
5362
5363
5364
5365
5367
5368
5371
5372
5373
5377
5378
5379
538
5381
5383
5385
539
5390
5393
5394
5395
540
5402
5404
5406
5407
5409
541
5410
5415
5416
5418
5419
5423
5424
5425
5426
5427
5428
543
5430
5433
5436
5437
544
5440
5444
5445
5446
5448
545
5450
5458
546
5468
547
5471
548
5480
5483
5484
5485
5488
549
5490
5491
5496
5499
55
550
5500
5502
5505
5508
5510
5516
552
5520
5521
5525
5527
5529
553
5537
5543
5546
5549
555
5550
5553
5555
5556
5557
5558
5559
5560
5561
5562
5563
5565
5571
5573
5574
5575
5576
5577
5578
5579
5581
5582
5584
5585
5586
5587
5588
5589
559
5590
5591
5593
5594
5595
5596
5598
5599
5601
5602
5603
5604
5607
5608
5610
5611
5612
5614
5615
5617
5618
5620
5622
5624
5625
5626
5627
5628
5634
5635
5637
5640
5641
5642
5644
5645
5647
5648
5651
5652
5658
5662
5664
5665
5666
5667
5668
5669
5670
5672
5674
5675
5677
5678
5679
5681
5683
5689
5690
5693
5694
5698
5699
57
570
5700
5701
5702
5707
5708
5709
571
5712
5719
5720
5721
5723
5724
5727
5728
5729
5745
5751
5753
5754
5756
5757
5758
5759
5761
5763
5768
5769
5770
5771
5786
5799
5826
5829
5835
5836
5837
584
5840
5841
5844
5854
5855
5857
586
5861
5872
5874
5879
5882
5886
5887
5892
5893
5900
5905
5907
5908
5912
5914
592
5922
5926
593
5931
5934
5935
5936
594
595
5953
5954
596
5961
5964
5965
5966
597
5971
5974
5975
5976
598
5983
5984
5986
5987
5989
599
5990
5991
5994
5998
6
6002
6007
6009
601
6015
6016
6017
602
6020
6029
6031
6033
6038
6041
6042
6043
6045
6049
6050
6051
6053
6054
6057
6058
6059
6061
6062
6064
6065
6066
6067
6068
607
6070
6071
6072
6074
608
6087
61
6134
615
6154
6155
6158
6161
6173
6176
6177
6185
6186
6187
6189
6191
6192
6194
6195
6196
6199
62
620
6200
6201
6203
6206
6212
6214
6216
6219
622
6221
6223
6225
6226
6227
6229
6232
6233
6234
6235
6236
6238
6239
6240
6241
6243
6244
6247
625
6250
6251
6252
6258
6259
626
6261
6263
6266
6267
6269
6270
6272
6276
628
6281
6283
6284
629
6290
6291
6292
6298
6308
6313
6314
6317
6318
6319
6321
6322
6325
6326
6332
6335
6349
6350
6356
6357
6358
6360
6361
6362
6363
6365
6368
6369
637
6374
6375
6377
6378
6379
638
6382
6383
6388
6389
6395
6397
6398
64
6403
6406
6407
6408
6409
6410
6411
6412
6415
6416
6417
6423
6424
643
6435
6439
6441
6442
6458
6464
6466
6468
647
6474
6477
6478
6479
648
6482
6485
6488
649
6493
6503
6505
6506
6507
6509
6512
6515
6520
6524
6527
6529
6530
6531
6535
6541
6543
6547
6555
656
6561
6562
6563
6564
6566
6568
657
6570
6574
6576
658
6580
6581
6583
6588
659
6594
6595
6598
6601
6604
6605
6607
6608
6611
6612
6613
6615
6619
6620
6622
6624
6625
6626
6628
6629
6631
6632
6633
6634
6639
6640
6641
6647
6648
665
6650
6654
6657
6658
6659
666
6660
6661
6664
6665
6666
6669
6670
6671
6672
6673
6674
6675
6677
6678
6679
6680
6685
669
6691
6694
6698
67
6705
6707
671
6713
6716
6717
6718
6719
6726
6727
6728
6729
6730
6732
6735
6736
6739
674
6741
6742
6745
6751
6753
6754
6759
6761
6762
6767
6768
6769
6773
6778
678
6780
6781
6784
6788
679
6792
6797
6799
6802
6808
681
6810
6815
6816
682
6820
6822
6823
6824
6825
6828
683
6830
6833
6835
6838
6842
6844
6845
6846
6848
685
6850
6854
6855
6856
6862
6867
6869
687
6871
6873
6875
6877
688
6882
6883
6886
689
6892
6895
6896
6901
6904
6906
6908
6909
6910
6911
6912
6913
6915
6916
6919
692
6920
6923
6929
6930
6933
6934
6935
6936
6938
6942
6944
6946
6948
6949
695
6951
6952
6955
6956
6957
6959
6961
6962
6965
6966
6969
6974
6975
698
6982
6983
6984
6987
6988
699
6990
6998
7
7001
7002
7003
7004
7005
7008
7011
7013
7015
7022
7023
7026
7028
703
7030
7034
7038
7039
7044
7046
7047
7048
7049
7050
7053
7054
7056
7057
7058
7059
7061
7062
7064
7065
7066
7068
707
7071
7074
7075
7076
7084
7087
7089
7091
7093
7096
7097
7101
7103
7106
7110
7113
7114
7117
7118
7120
7121
7122
7123
7126
7127
7129
7136
7139
7143
7145
7148
7152
7155
7158
716
7162
7163
7165
7166
717
7174
7175
7177
718
7181
7185
7186
7187
7188
7189
7190
7194
7195
7196
7198
720
7213
7216
7218
7219
722
7221
7229
7232
7233
7237
7240
7242
7243
7245
7247
725
7250
7251
7276
7277
728
7283
7285
729
7291
7292
7294
7295
7303
7306
731
7310
732
7323
7324
7325
7329
7336
7348
735
7357
7359
736
7360
7366
7367
737
7370
7371
7375
7376
7378
7379
7380
7384
7385
7390
7394
7395
7396
7397
7398
74
7400
7401
7404
7405
7407
7409
741
7410
7411
7412
7413
7417
7418
7419
742
7421
7423
7424
7426
7427
7428
7430
7431
7432
7433
7434
7436
7437
7439
744
7440
7442
7446
745
7451
7456
7458
7459
7461
7462
7463
7464
7465
7467
7468
747
7470
7474
7476
7477
7479
748
7482
7483
7485
7486
7487
749
7492
7493
7498
750
7509
7511
7518
752
7526
7527
7533
7534
754
7540
7541
7542
755
7550
7551
7554
7556
7558
7561
7563
7564
7566
7568
7570
7571
7573
7574
7578
7579
7580
7581
7589
7595
7598
7599
760
7602
7605
7613
7615
7616
762
7620
7621
7622
7624
7630
7631
7634
7635
7637
7638
7639
764
7640
7641
7647
7648
765
7653
7654
7655
7656
7659
766
7660
7663
767
7671
7672
7673
7676
7677
7679
768
7680
7681
7686
7687
7688
7689
7707
7713
7714
7721
7724
7725
7726
7728
773
7733
7736
7737
7738
774
7740
7741
7742
7743
7744
7745
7749
775
7750
7756
7757
7759
7760
7761
7762
7763
7765
7766
7767
7768
7769
777
7770
7772
7774
778
7783
7798
7800
7801
7802
7805
7807
7808
781
7810
7814
7815
7817
7818
7819
7822
7823
7827
783
7836
7837
784
786
7878
7879
788
7881
7882
7884
7885
7886
7890
7894
790
7901
7904
7906
7908
7909
7911
7919
792
7932
7934
7935
7936
7938
794
7940
7943
7944
7947
7949
795
7951
7956
796
7963
7966
7979
798
7987
7988
7989
799
7990
8
80
8003
8008
8026
803
8038
8042
8043
8044
8045
8046
8048
805
8050
8053
8054
8055
8056
8057
8063
8064
807
8071
8076
8080
8083
8088
8089
809
8098
81
810
8101
8104
8111
8112
8113
8118
8124
8126
8135
8142
8143
8155
8156
816
8160
8161
8163
8165
8169
8170
8174
8177
818
8186
8188
8192
8198
8199
820
8206
8207
8209
8212
8214
8215
8216
822
8223
8224
8229
823
8230
8231
8236
8240
8244
8247
8248
8249
8251
8255
8256
8257
8258
826
8263
8264
8268
8269
827
8271
8273
8274
8279
8289
83
830
8301
8302
8303
8304
8305
8308
831
8310
8311
8313
8314
8315
8316
8321
8322
8325
8326
8328
833
8335
8336
8340
8341
8342
835
8350
8353
8354
8357
836
8368
837
8372
8373
8376
8377
8378
838
8381
8384
8385
839
8390
84
840
8400
8405
8407
841
8411
8412
8414
8419
8431
8432
8433
8434
8435
8436
8438
8439
8440
8442
8445
8447
8450
8452
8457
8458
8459
8461
8462
8464
847
8470
8473
8474
8476
8478
8479
848
8481
8486
8489
849
8490
8491
8492
8493
8496
8497
8500
8501
8502
8505
8507
8508
851
8512
8516
8519
852
8521
8522
8525
8526
8527
8528
8529
853
8530
8531
8532
8533
8534
8538
854
8542
8546
8547
8548
855
8550
8551
8561
8563
8564
8565
8569
857
8570
8575
8576
8578
8579
8583
8584
8585
8587
859
8590
8592
8593
8594
8595
8599
86
860
8600
8605
8607
8610
8612
8615
8618
8619
862
8620
8622
8623
8625
8627
8628
863
8630
8631
8632
8633
8634
8635
8636
8637
8638
8639
8641
8647
8648
865
8650
8651
8655
8657
8658
866
8664
8668
8679
8680
8683
8684
8685
8686
869
8693
8694
8697
8698
8699
8701
8704
8705
8706
8707
8708
8709
871
8711
8712
8723
8728
8730
8731
8738
8744
8745
8748
8749
8750
8751
8752
8753
8755
8756
8757
876
8762
8763
8767
8769
8771
8772
8773
8774
8775
8776
8779
8780
8782
8785
8790
8791
8793
8794
8795
8796
88
8804
8806
8808
8814
8820
8826
8827
8828
8829
8837
8841
8846
8852
8864
8870
8873
8888
8890
8901
8907
8909
8915
8920
8923
8927
8929
8930
8933
8934
8935
8936
8940
8943
8945
8947
8948
895
8952
896
8960
8969
897
8975
8976
8981
8982
8988
899
8992
8994
8999
9
9001
9003
9006
9007
9009
9010
9011
9012
9013
9014
9016
9017
9020
9024
9025
9026
9027
9028
9029
903
9031
9032
9033
9035
9036
9038
9040
9042
9043
9045
9046
9051
9052
9054
9059
9064
9065
9067
9068
9069
9070
9071
9072
9074
9075
9076
9077
9080
9081
9083
9084
9085
9086
9087
9088
9089
9090
9092
9093
9094
9095
9096
9099
9100
9101
9102
9103
9104
9105
9106
9107
9108
9110
9111
9115
9116
9117
9118
912
9120
9122
9124
9126
9127
9128
9132
9134
9135
9136
9137
9138
9142
9143
9145
9149
9150
9152
9153
9155
9156
9157
9158
9166
9172
9174
9178
9179
918
9180
9181
9184
9187
9188
9190
9191
9192
9194
9195
9196
9197
9198
920
9201
9203
9204
9207
9208
9209
921
9210
9211
9212
9214
9215
9217
9218
9221
9222
9223
9224
9226
9228
9231
9232
9234
9235
9236
9237
9238
9239
924
9240
9241
9242
9243
9244
9246
9247
9248
925
9251
9254
9255
9258
9261
9262
9264
9265
9267
9268
9269
927
9270
9272
9273
9274
9275
9276
9278
928
9280
9282
9283
9284
9285
9289
929
9290
9291
9292
9293
9294
9295
9296
9297
9298
9299
9300
9302
9303
9304
9306
9308
9309
931
9311
9313
9315
9317
9318
932
9322
9329
9330
9338
934
9340
9341
9343
9344
9345
9346
9347
9348
9350
9355
936
9360
9361
9362
9363
9365
9366
9367
9368
937
9370
9371
9373
9374
9375
9376
9378
938
9380
9381
9382
9384
9385
9388
9389
9392
9393
9394
9395
9396
9398
94
9401
9402
9403
9405
9406
9407
9408
9409
941
9410
9411
9414
9415
9417
942
9423
9425
9426
9428
943
9430
9439
9441
9444
9445
9449
9451
9452
9455
9456
946
9476
9478
9479
948
9480
9481
9483
9485
9488
949
9492
9496
95
9500
9501
9502
9504
9505
9506
9507
9508
951
9510
9512
9515
9518
9519
952
9520
9521
9522
9523
9526
9528
9529
9530
9531
9532
9534
9535
9536
9537
9538
9539
954
9540
9543
9544
9545
9547
9549
9550
9554
9555
9556
9557
9559
9560
9561
9565
9567
9569
9570
9572
9573
9575
9576
9577
9578
9579
958
9581
9584
9586
9588
9589
959
9590
9596
9597
9598
9599
960
9600
9604
9606
9607
9608
961
9613
9614
9615
9616
9617
9619
9623
9624
9625
9628
963
9630
9631
9632
9633
9636
9637
9638
9640
9642
9643
9644
9646
9647
965
9652
9654
9655
9656
9657
9658
9659
966
9660
9661
9663
9664
9666
9667
9668
9670
9672
9673
9675
9677
9678
9679
968
9684
9685
9687
9689
969
9691
9692
9694
9696
9698
9699
970
9700
9701
9702
9703
9704
9706
9708
9709
9710
9712
9715
9717
9718
9720
9721
9722
9723
9724
9725
9726
9727
9729
9733
9734
9735
974
9746
9747
9749
9754
9763
9765
977
9772
9773
9776
9779
9780
9781
9784
9785
9786
9788
9790
9793
9795
9796
980
9800
9801
9802
9803
9805
9806
9807
9809
9811
9812
9813
9815
9819
9821
9826
9827
9833
9834
9837
984
9843
9844
9845
985
9850
9854
9855
9857
9858
9859
986
9860
9861
9865
9867
9868
987
9871
9877
9881
9882
9885
9892
9893
9895
9896
9898
9899
990
9902
9907
991
9910
9915
9921
9924
9928
993
9932
9941
9942
9944
9947
9952
9956
9957
9958
9960
9964
9966
9967
9970
9971
9972
9979
998
9980
9981
9983
9985
9986
9989
9990
9993
9994
9997
9998
9999
